Hora   Cartao 2   Cartao 3   Cartao 4   Cartao 6   Cartao 8   Cartao 12   Cartao 15   Cartao 16   Cartao 27   Cartao 99 
 00     36     0     347     0     1     4     37     0     0     0     375 
 01     11     1     159     0     0     2     26     0     0     0     173 
 02     4     1     72     0     0     0     3     0     0     0     67 
 03     2     1     114     0     1     0     12     0     0     0     95 
 04     138     33     5794     14     52     94     884     13     18     0     2162 
 05     2629     279     36076     28     241     1842     6628     103     227     0     15709 
 06     13694     553     50952     55     180     7735     11649     171     642     0     30593 
 07     10892     795     37372     106     194     7374     10200     141     520     0     31721 
 08     5722     953     19845     47     102     3748     6403     159     492     0     23794 
 09     5086     953     14192     39     75     2892     4387     163     602     0     19508 
 10     5763     944     13403     53     117     2886     4065     174     703     0     18312 
 11     10974     754     17226     45     113     5505     4369     176     890     0     18909 
 12     15896     556     21896     52     141     7559     4510     159     850     0     20672 
 13     9146     604     21438     42     95     4696     4369     174     601     0     20546 
 14     5766     630     18512     42     86     3164     4507     146     466     0     19501 
 15     5857     652     18437     35     104     3287     5742     141     465     0     20173 
 16     8248     605     27970     88     136     4484     7541     144     605     0     24551 
 17     12733     485     44027     122     236     7698     10327     169     680     0     31709 
 18     11320     347     36888     52     107     7343     8780     137     354     0     26844 
 19     5802     172     24630     17     80     4196     6131     78     193     0     17304 
 20     4476     80     13371     18     47     3203     2660     53     150     0     9862 
 21     6178     63     11781     31     41     4354     1875     91     138     0     8726 
 22     2697     10     8501     15     30     2003     979     33     35     0     5143 
 23     218     0     1458     4     11     108     191     3     12     0     1231 
TOTAL   143288   9471   444461   905   2190   84177   106275   2428   8643   0   367680